[MAPINFO]
srcpath = /home/user/vworldmap
destpath = /home/user/tilemap
lat1 = 37.20747576600081
lon1 = 126.97826010879602
lat2 = 37.11759097226632
lon2 = 127.10547191439518
startlv = 6
endlv = 6
